1 2 5 6 7 8 9 10 13 14 15 16 17 18 21 28 30 32 33 35 43 44 49 50 51 52 56 57 59 61 71 72 73 74 75 76 79 82 83 84 87 90 92 96 97 101 104 108 115 116 118 121 128 132 133 140 141 142 144 149 156 159 160 162 165 167 171 176 179 180 183 187 188 189 191 198 199 201 202 206 210 211 212 213 214 215 218 219 221 225 227 230 231 235 236 240 241 245 247 251 253 257 258 259 260 261 267 269 270 271 275 276 283 285 288 289 291 300 305 307 311 313 314 318 321 323 324 327 329 330 332 333 336 337 339 340 342 345 346 347 348 349 350 356 365 367 369 372 373 377 380 382 383 388 391 393 394 395 396 397 
1 2 16 17 19 22 30 35 48 49 52 54 56 59 64 72 74 76 81 95 96 97 115 116 121 125 133 155 170 178 179 180 190 197 206 210 214 218 219 223 224 234 236 240 249 251 255 261 265 267 275 289 300 313 316 321 326 327 329 330 333 349 351 356 359 371 372 380 383 386 391 393 394 398 
1 2 6 15 16 17 19 22 30 35 48 49 50 52 54 56 59 64 72 73 74 75 76 81 95 96 97 114 115 116 121 125 133 134 136 144 153 155 161 162 168 170 178 179 180 189 190 197 200 206 210 214 215 218 219 221 223 224 227 234 235 236 240 249 251 253 255 261 265 267 271 273 275 286 289 290 298 300 310 313 316 321 324 326 327 329 330 333 335 337 348 349 351 356 358 359 371 372 380 383 384 385 386 388 391 393 394 395 398 
3 5 7 8 9 10 13 14 18 24 28 33 37 38 43 44 45 47 50 51 57 58 61 67 71 73 79 82 83 87 90 96 98 100 101 104 108 124 128 131 132 139 140 141 143 146 152 156 159 160 164 167 174 176 183 184 185 187 188 191 195 198 199 202 210 211 212 217 220 225 227 229 230 231 241 243 247 248 250 252 254 257 258 259 260 270 274 276 278 281 283 285 288 296 301 305 307 312 313 314 318 332 336 339 340 341 342 345 346 352 354 356 357 367 369 373 377 383 390 392 396 397 
3 5 7 9 10 11 12 14 17 18 23 24 25 26 29 31 33 37 38 45 50 51 57 60 61 62 63 65 68 69 73 75 76 82 84 85 86 89 91 92 94 99 100 103 106 109 110 112 119 120 124 126 131 135 142 146 150 151 152 154 156 158 159 160 162 163 164 166 173 174 175 176 177 182 183 184 185 187 192 193 194 195 196 198 201 202 204 205 207 209 211 212 213 215 216 217 220 221 222 225 229 231 233 241 242 243 246 248 252 253 254 259 268 269 274 276 277 281 282 283 284 292 293 295 296 297 299 301 303 304 308 309 312 314 315 317 318 319 320 323 324 325 328 331 337 338 341 342 343 348 353 354 360 363 368 374 376 377 378 381 389 390 397 400 
3 11 12 23 24 25 26 31 33 37 38 45 57 60 62 63 65 68 69 85 89 91 94 99 103 106 109 110 112 119 120 124 126 131 135 142 150 151 154 158 163 164 166 173 175 177 182 192 193 194 196 204 205 207 209 217 220 222 225 233 237 242 246 268 269 274 276 277 282 284 292 293 295 297 299 301 303 304 308 309 312 315 317 319 320 325 328 331 338 343 353 354 360 363 368 374 376 381 389 390 397 400 
4 12 17 20 27 29 31 33 34 36 39 40 41 42 46 50 51 53 55 63 65 66 69 70 73 75 76 77 78 80 84 86 88 92 93 102 103 105 107 110 111 112 113 114 117 122 123 127 129 135 138 142 145 147 148 150 157 161 162 163 166 169 172 175 177 181 186 194 201 203 204 205 208 213 216 221 222 225 226 228 232 237 238 239 242 253 256 261 262 263 264 266 268 271 272 276 279 280 287 290 292 294 297 299 302 303 304 306 308 310 315 319 320 322 323 331 334 337 338 344 348 353 355 361 362 364 366 370 375 378 379 387 389 399 
4 20 27 34 36 39 40 41 42 46 53 65 66 70 77 78 80 88 102 103 105 110 111 113 117 122 123 127 135 138 145 148 166 169 172 175 177 181 186 194 203 208 222 226 228 237 238 239 242 256 263 264 266 272 279 280 287 290 294 297 299 302 306 308 319 322 334 338 344 353 355 361 362 366 370 375 379 
4 6 15 17 20 22 33 34 35 36 46 49 50 51 55 59 65 66 73 75 76 81 84 88 92 93 95 97 105 107 114 115 117 121 122 127 129 130 134 136 137 147 148 153 157 161 162 166 168 169 170 172 177 181 197 200 201 203 205 206 213 215 216 221 222 224 225 226 228 232 234 238 239 240 244 249 251 253 256 261 262 264 266 271 273 276 279 280 286 287 290 294 298 299 306 310 323 324 327 329 335 337 338 344 348 349 353 355 358 361 370 379 380 384 385 387 391 393 394 398 399 
4 6 7 9 10 12 15 17 18 20 21 26 27 29 31 33 34 36 41 42 46 50 51 53 55 60 63 65 66 69 73 75 76 84 85 86 88 92 93 97 100 102 103 105 107 110 111 112 113 114 117 120 123 127 129 130 135 142 145 146 147 148 150 156 157 159 162 163 166 168 169 172 174 175 176 177 181 183 185 187 194 198 201 204 205 207 208 212 213 215 216 221 222 225 226 228 231 232 237 238 239 240 242 251 253 254 256 261 262 264 266 268 269 271 272 273 276 280 283 287 290 292 294 297 299 303 304 306 308 310 311 314 315 319 320 322 323 324 329 331 334 337 338 342 344 348 349 353 355 364 366 375 376 377 378 379 381 387 388 389 391 393 395 397 399 
