1 4 5 7 8 9 10 16 28 30 31 37 40 44 50 51 53 54 56 57 58 62 63 66 74 76 78 81 82 83 84 86 88 94 98 102 104 106 107 108 109 110 112 121 124 129 134 136 138 139 141 143 146 147 152 155 161 162 163 164 166 167 169 170 174 175 176 177 182 183 187 188 190 191 192 194 196 199 200 201 206 207 208 210 211 214 215 216 217 221 223 227 228 229 230 231 235 237 239 241 245 246 247 248 250 
1 4 5 7 9 16 28 30 31 37 40 44 50 51 53 56 57 58 62 63 66 74 81 82 83 86 88 98 106 107 108 109 110 112 116 121 134 136 138 139 143 146 161 163 164 166 167 169 170 175 177 182 187 188 190 191 194 196 201 207 208 211 214 215 216 217 221 227 228 229 231 237 241 245 246 247 248 
2 3 4 10 11 16 19 20 28 30 31 35 37 38 43 46 50 51 52 54 55 56 64 66 70 72 74 78 80 81 82 83 87 88 91 104 110 114 119 120 124 130 136 138 139 143 146 148 151 152 155 160 161 170 187 189 190 191 192 198 200 207 208 210 212 214 215 217 221 222 223 225 230 231 236 237 239 241 245 246 247 248 249 
3 10 11 12 20 22 23 29 30 33 34 35 36 38 42 43 45 46 48 49 52 54 55 60 61 68 71 72 73 74 76 77 78 81 89 91 100 101 103 111 114 117 120 124 127 130 139 144 145 148 151 153 155 160 165 172 173 179 181 186 189 192 200 212 214 218 220 222 223 225 230 231 234 236 239 240 242 244 248 250 
5 8 9 14 15 24 25 27 31 32 40 44 47 57 58 65 69 75 83 84 86 92 93 94 95 98 99 102 107 108 109 112 113 115 116 121 123 125 128 133 134 140 141 149 157 161 163 166 167 169 174 176 177 178 182 183 184 188 193 194 195 196 199 202 206 209 211 216 224 227 228 235 238 243 
6 8 13 17 18 21 23 24 26 33 34 36 41 45 49 54 59 60 67 76 79 81 85 89 90 92 96 97 99 100 101 102 103 105 111 113 118 122 124 126 127 131 132 135 141 142 145 153 154 156 158 159 162 165 168 171 172 173 174 180 181 183 185 186 192 197 199 203 204 205 206 213 214 219 220 224 226 231 232 233 234 235 240 242 244 250 
6 8 13 17 18 21 23 24 26 33 41 45 49 54 60 67 76 79 84 85 89 90 92 96 97 99 100 101 102 103 105 111 113 118 122 126 131 132 135 141 142 145 153 154 156 158 159 165 171 173 174 180 183 185 186 197 199 203 204 205 206 219 220 224 232 233 234 235 242 244 250 
6 8 13 17 18 21 23 24 26 33 34 36 41 45 49 54 60 67 76 79 81 85 89 90 92 96 97 99 100 101 102 103 105 111 113 118 122 124 126 131 132 135 141 142 145 153 154 156 158 159 165 171 172 173 174 180 183 185 186 192 197 199 203 204 205 206 213 219 220 224 231 232 233 234 235 240 242 244 250 
8 9 14 15 24 25 27 32 40 44 47 58 65 69 75 84 86 92 93 94 95 98 99 102 107 108 109 112 115 116 121 123 125 128 133 134 140 141 149 157 163 166 169 174 176 177 178 183 184 188 193 194 195 196 199 202 206 209 216 224 227 228 235 238 243 
8 9 13 17 18 21 23 24 26 30 31 33 39 41 44 45 49 53 54 57 58 59 60 62 67 74 76 78 81 82 83 84 85 86 89 90 92 94 96 97 99 100 101 102 103 106 107 109 111 112 113 118 121 123 124 125 129 131 135 137 139 141 142 145 147 150 153 155 156 157 159 161 162 165 168 173 174 175 176 180 183 185 188 191 192 196 197 199 204 206 213 214 220 223 224 226 227 228 230 231 232 233 234 235 238 241 242 248 250 
