1 3 6 7 11 12 13 15 16 17 20 21 22 26 27 31 34 39 41 47 53 57 59 62 64 65 66 72 74 76 79 81 83 84 86 87 90 91 92 96 97 98 99 101 105 107 112 113 116 117 119 120 124 125 133 135 136 139 140 144 146 151 155 157 159 160 162 163 166 167 168 170 172 173 175 179 181 183 184 185 186 187 188 192 193 194 197 200 207 210 211 214 215 217 219 220 221 222 223 229 237 240 243 248 251 259 263 267 270 271 274 279 283 285 287 293 298 300 
1 4 7 10 12 16 25 30 34 42 47 51 60 67 68 72 73 74 77 82 90 93 101 102 104 105 119 121 122 131 135 139 141 151 157 164 168 174 179 180 181 182 183 184 191 198 199 206 210 214 219 222 223 224 226 232 233 240 241 243 244 252 254 258 260 265 266 270 274 275 276 279 280 281 284 285 288 298 299 
2 3 5 14 24 28 32 33 35 37 38 40 43 46 48 53 54 55 58 66 75 78 80 85 88 89 94 97 100 106 107 108 109 110 114 115 129 130 132 138 142 145 149 150 153 156 158 169 171 176 185 188 190 195 201 202 203 204 208 211 213 227 228 234 237 238 245 247 249 250 253 255 257 268 272 273 277 282 290 291 
3 4 7 13 14 16 27 28 30 33 34 35 37 38 40 42 43 46 47 48 52 53 54 55 58 60 61 66 67 69 70 72 74 75 81 82 88 89 90 93 94 95 96 97 101 104 105 106 107 108 109 110 114 115 116 117 119 120 122 123 126 128 129 130 132 135 136 139 140 141 142 143 149 150 151 153 154 156 157 159 160 167 171 173 176 179 180 181 183 184 185 186 188 191 194 195 196 197 201 202 203 204 208 210 211 213 214 218 219 222 223 226 227 228 230 231 234 237 238 240 241 243 245 249 250 251 255 257 259 260 263 265 268 269 272 273 274 277 279 282 285 287 291 292 300 
3 8 9 14 18 27 28 32 33 35 36 37 40 43 44 46 48 53 55 58 66 78 80 81 97 100 106 107 108 109 115 118 128 134 138 142 145 150 156 158 160 167 169 171 173 176 177 178 185 188 189 194 195 202 203 209 211 227 237 242 245 247 249 250 253 256 257 261 268 272 277 282 286 289 290 291 294 
3 6 8 9 11 13 14 15 19 23 27 29 31 33 34 36 37 40 43 44 49 50 53 56 59 62 63 64 66 71 72 76 79 81 87 92 96 97 99 103 107 111 113 115 116 118 119 120 124 125 127 128 134 136 137 139 147 148 151 152 156 157 159 160 161 165 167 172 173 175 177 178 185 186 188 194 197 200 202 205 209 211 212 215 216 217 221 225 235 237 239 242 246 251 253 256 259 261 262 264 268 271 274 278 282 286 287 289 291 294 295 296 300 
3 6 8 9 13 14 19 23 27 29 31 36 37 40 43 44 49 50 53 56 59 62 63 64 71 76 79 81 92 99 103 107 111 113 115 118 124 127 128 134 137 147 148 152 156 160 161 165 167 172 173 177 178 185 194 197 202 205 209 212 216 221 225 235 237 239 242 246 251 256 261 262 264 268 271 278 282 286 289 291 294 295 296 
3 4 7 24 30 33 34 35 38 42 46 51 52 54 60 61 66 67 69 70 72 73 75 77 82 88 89 93 94 95 97 101 104 108 110 114 117 119 120 121 122 123 126 129 130 132 135 136 139 140 141 142 143 149 150 151 153 154 157 159 174 179 180 181 186 188 191 195 196 199 201 204 208 210 211 213 214 218 219 222 223 226 228 230 231 232 234 238 240 241 243 245 249 250 255 260 263 265 269 272 273 274 277 281 292 299 
6 11 15 17 21 22 26 27 31 39 41 45 49 57 62 64 65 76 79 83 84 86 87 91 92 96 98 99 112 113 124 148 155 162 163 165 166 167 170 172 175 187 192 197 200 207 215 217 220 229 236 237 239 248 251 259 262 270 271 283 293 297 300 
6 11 15 17 21 22 26 31 39 41 45 57 62 64 65 74 79 83 84 86 87 91 92 98 99 112 162 163 166 170 172 175 187 192 200 207 215 220 229 236 248 270 283 293 297 
