1 2 4 7 8 11 12 17 18 24 26 28 31 34 41 43 53 56 63 64 73 76 78 81 86 87 92 97 99 101 103 109 122 128 131 133 138 140 142 145 149 150 158 169 170 174 176 177 179 182 184 186 187 188 193 195 196 
1 2 3 4 6 7 8 11 12 17 18 24 26 28 31 34 35 37 41 43 48 53 54 63 64 76 78 80 81 86 87 92 95 97 99 101 103 104 108 109 110 116 118 122 129 131 133 136 138 140 142 144 145 149 150 152 158 163 168 169 170 172 174 176 177 179 182 184 186 187 188 193 195 196 
3 6 7 11 18 28 31 35 37 41 48 53 63 64 76 80 81 83 86 95 97 101 103 104 110 111 116 118 127 129 133 138 144 152 158 165 167 168 169 170 179 186 193 196 199 200 
3 7 15 19 21 23 29 37 38 39 40 42 44 46 47 48 49 50 51 52 54 59 61 62 67 70 71 72 74 76 79 82 83 85 87 91 94 95 100 102 104 105 107 108 110 111 113 118 124 125 126 127 130 131 133 136 137 139 141 143 146 147 148 152 153 154 157 159 162 163 164 165 172 175 180 184 186 187 189 192 193 196 197 199 200 
3 4 6 7 8 17 18 19 23 26 28 29 31 35 37 38 39 41 42 43 44 46 48 50 54 59 63 64 74 76 80 82 83 86 87 92 95 97 103 104 108 110 111 113 116 118 124 125 127 129 131 133 136 138 139 144 149 152 154 158 163 164 165 167 168 169 170 172 179 180 184 186 187 189 192 193 196 199 200 
5 10 13 14 15 16 21 22 25 27 30 36 39 40 46 47 49 50 51 52 57 59 65 67 70 71 72 74 77 79 82 84 85 87 88 89 90 91 93 102 105 112 113 114 115 119 120 121 125 126 130 131 134 135 136 137 141 143 146 147 148 153 154 156 157 160 161 162 171 178 184 185 187 189 190 191 194 197 198 
5 10 13 14 15 16 21 22 25 27 30 36 39 40 46 47 50 51 57 60 65 71 72 74 76 77 82 84 87 88 89 90 91 93 102 112 113 114 115 119 120 121 125 126 130 131 134 135 136 137 141 147 148 153 154 156 160 161 162 171 178 184 185 187 189 190 191 194 196 197 198 
8 9 17 24 27 32 33 36 40 45 46 51 55 56 58 60 65 66 68 69 72 73 74 75 76 87 88 89 90 92 96 98 106 117 119 120 121 122 123 128 131 132 135 142 149 155 166 173 176 181 182 183 184 187 190 194 195 196 197 198 
9 13 14 17 27 32 33 36 40 45 46 51 55 56 58 60 65 66 68 69 72 73 74 75 76 87 88 89 90 96 98 106 117 119 120 121 122 123 128 131 132 135 142 155 160 166 173 176 181 182 183 184 187 190 194 195 196 197 198 
19 20 21 23 37 42 44 47 52 59 61 62 67 70 79 83 85 100 102 105 111 118 137 139 143 146 151 157 159 165 180 192 199 200 
