32 85
183 181
144 98
50 180
174 170
80 29
66 132
180 38
160 37
20 152
62 39
5 128
117 67
158 80
55 21
48 106
35 30
193 82
136 25
62 79
33 69
38 50
121 44
185 191
15 173
59 16
112 80
175 140
146 4
83 165
99 9
199 119
151 120
67 103
152 134
186 68
152 84
115 155
37 16
164 83
59 56
59 163
159 63
138 59
51 6
151 130
54 105
183 122
130 11
130 28
38 192
103 199
145 88
184 193
165 142
137 10
27 11
165 116
117 56
72 186
99 199
80 35
125 36
106 3
33 70
139 102
71 197
23 161
99 193
112 138
142 47
70 108
42 170
20 103
126 192
108 61
38 190
194 127
92 3
192 181
137 63
62 163
28 49
8 9
175 159
20 30
78 59
124 121
151 178
9 110
47 5
81 20
80 149
167 173
102 194
79 74
135 105
38 49
101 14
181 106
78 133
32 147
139 15
51 183
57 103
169 115
146 70
144 147
164 151
123 164
188 19
2 2
104 51
128 145
165 81
69 88
101 114
168 47
91 113
100 104
48 173
88 194
104 136
102 49
70 74
99 154
190 11
149 59
116 156
117 166
15 152
149 190
42 83
176 35
55 125
98 102
131 57
199 150
77 107
96 125
58 192
160 164
108 197
48 75
171 152
48 84
136 42
113 22
148 189
147 130
79 103
142 9
173 193
101 194
47 62
162 80
65 116
184 108
96 99
132 66
146 15
22 55
14 62
23 162
120 3
43 64
112 77
7 128
181 105
44 43
171 132
86 9
127 74
47 163
75 9
179 132
193 37
183 26
71 133
84 176
75 124
28 156
20 106
37 137
145 80
95 104
58 11
135 102
192 95
181 179
87 194
25 72
51 75
142 68
128 123
104 155
97 60
3 197
44 164
53 39
149 197
164 84
161 114
122 165
149 19
30 158
36 54
150 189
192 62
84 134
122 108
150 3
120 200
91 129
65 36
136 44
82 69
111 186
79 145
15 10
110 39
79 130
44 114
35 174
157 29
69 193
175 120
143 190
38 21
110 181
96 199
45 195
10 175
138 189
195 14
23 8
112 83
169 180
117 13
67 146
86 173
195 21
69 131
8 179
144 145
122 49
185 180
54 12
139 131
156 139
108 69
5 186
174 85
21 162
168 189
194 71
175 145
1 167
86 81
48 161
155 39
125 9
102 116
172 4
95 149
36 168
50 65
167 65
108 191
4 76
105 31
144 160
167 171
70 109
14 158
16 165
134 141
184 20
58 100
31 153
43 159
172 64
12 35
26 177
40 105
185 51
76 92
10 199
182 44
192 160
166 80
106 127
12 60
142 54
131 22
137 6
26 7
20 134
43 174
80 75
