199 101
189 66
113 37
184 75
56 142
152 26
134 80
155 98
164 193
9 159
189 59
177 96
50 197
59 186
35 108
15 105
136 128
143 58
64 33
8 1
15 57
13 182
43 25
197 115
22 118
167 73
56 196
177 42
67 59
59 171
151 48
181 177
148 167
194 97
127 66
104 155
91 24
84 65
86 78
80 142
167 26
57 38
175 73
75 40
125 166
90 148
21 76
109 23
42 72
71 122
86 159
10 39
200 65
108 62
156 182
139 148
9 197
170 195
41 38
118 162
37 27
19 24
139 68
188 29
67 177
155 166
4 39
165 163
164 168
38 44
38 88
82 158
185 163
98 155
121 198
128 102
52 162
189 106
22 40
118 43
191 56
54 107
88 41
58 167
23 48
155 58
99 135
75 151
101 158
80 199
43 103
159 99
24 135
56 67
106 29
140 175
159 66
128 185
185 93
17 33
191 56
7 67
161 53
113 40
36 54
176 199
50 66
114 59
200 94
107 14
79 44
28 186
56 109
22 158
53 146
168 6
197 200
93 13
89 183
82 187
79 156
147 139
165 192
72 58
78 78
72 136
93 46
148 141
142 19
48 87
102 125
119 187
135 78
27 131
85 188
90 96
33 84
178 29
53 22
184 92
39 99
182 125
43 55
121 43
190 106
9 52
37 127
49 87
152 95
190 69
5 15
103 25
38 119
60 96
150 182
37 194
1 33
150 64
35 6
50 191
1 107
53 119
102 74
70 54
60 10
153 196
144 5
169 8
166 38
200 21
21 129
99 68
180 176
197 77
53 67
162 140
200 102
42 154
146 41
55 27
120 188
139 138
177 194
111 125
10 173
125 72
119 126
197 86
70 94
57 191
11 162
60 52
125 82
68 196
190 148
130 103
92 159
70 162
75 16
85 41
