127 11
159 23
10 158
190 144
33 80
161 86
50 113
76 46
77 75
62 77
10 195
90 191
48 37
76 72
154 87
113 23
126 84
67 73
184 35
197 151
91 73
189 41
43 147
34 131
33 184
72 146
138 182
48 21
110 140
108 13
85 139
96 33
85 116
176 160
155 61
146 146
1 156
19 135
192 178
172 197
164 197
144 172
82 33
70 50
26 124
162 161
11 62
169 21
124 44
97 99
94 105
133 2
132 192
197 33
130 117
150 42
34 108
11 61
157 60
67 157
45 111
13 197
93 148
163 31
100 186
193 127
20 75
42 148
90 191
184 176
82 21
142 16
99 98
117 21
125 89
128 88
191 183
174 185
74 35
185 180
180 57
58 68
69 2
99 105
70 183
103 143
40 46
139 145
33 185
17 6
51 168
99 115
178 116
31 163
166 68
84 4
131 75
14 44
21 170
57 118
62 2
140 189
112 190
67 26
152 133
9 190
129 126
39 24
46 139
96 184
131 193
77 150
153 176
151 110
123 44
157 38
154 153
98 43
55 155
58 167
152 47
193 163
147 195
22 140
160 44
44 168
147 127
84 66
137 135
174 115
34 120
8 26
120 1
194 92
110 195
198 101
176 114
186 178
8 64
77 27
60 36
81 129
20 81
105 29
147 165
61 120
126 117
157 163
88 44
82 196
47 184
17 97
189 90
1 173
170 37
69 103
157 117
40 151
65 119
29 101
197 107
124 92
83 197
1 113
98 39
108 177
18 14
162 93
151 147
194 57
103 62
169 166
40 185
61 121
98 189
52 95
112 165
171 33
114 39
155 29
141 159
45 182
59 103
41 122
62 121
199 193
76 95
16 29
106 51
198 13
86 29
44 133
17 173
109 198
10 98
61 136
165 71
80 88
34 34
177 106
112 107
55 62
198 164
91 200
108 153
148 57
62 167
137 177
59 149
91 3
43 111
53 95
104 123
146 37
105 88
113 154
13 164
119 17
125 1
12 147
117 105
106 165
181 25
183 67
85 121
144 137
85 11
182 132
14 102
7 8
57 103
127 117
47 185
200 49
109 59
120 14
123 180
176 147
148 145
155 73
52 51
94 198
14 86
169 110
92 68
13 175
15 32
18 107
175 55
18 82
138 55
43 115
121 95
52 117
187 32
166 158
44 24
50 18
35 82
69 24
130 80
132 135
169 194
133 159
174 29
190 154
153 32
95 148
74 126
20 1
147 93
146 187
162 92
16 163
118 23
85 109
58 182
22 71
195 167
172 166
10 107
6 199
63 72
52 181
72 63
180 101
127 170
46 41
124 39
195 119
89 53
95 160
52 159
186 136
11 197
10 85
96 187
174 103
101 182
108 18
38 117
176 186
83 189
86 159
80 18
171 141
24 25
99 198
48 168
147 114
98 77
6 146
95 10
54 93
92 163
163 16
55 150
50 60
95 186
92 198
152 39
156 195
114 115
103 83
45 148
181 45
132 33
37 193
133 50
149 29
88 163
75 51
96 19
157 177
196 99
13 17
110 92
117 161
69 1
2 1
20 94
48 95
64 180
170 152
67 11
42 20
92 44
116 90
149 83
94 38
171 38
17 47
116 176
38 124
166 175
84 8
5 51
193 96
191 5
16 193
194 159
185 182
49 153
114 136
97 66
162 184
42 22
42 164
43 63
194 163
176 26
148 2
6 15
62 188
128 185
59 151
59 108
115 144
154 126
129 27
66 178
87 69
93 3
177 103
192 106
193 33
133 136
106 74
92 160
1 128
128 74
16 77
157 79
140 54
106 68
22 34
75 111
195 53
133 137
62 194
