179 97
64 61
179 54
33 35
117 63
71 187
148 110
63 26
186 84
77 155
130 16
20 6
141 121
82 110
186 146
83 21
184 169
89 180
10 31
22 168
38 49
143 7
154 123
158 92
84 178
139 90
130 76
41 31
123 81
110 118
113 9
187 127
92 169
176 17
107 38
179 127
120 127
133 110
112 80
170 8
18 43
169 92
44 144
102 23
39 128
26 120
129 92
133 103
168 113
169 55
4 85
160 150
116 152
140 53
145 74
59 198
150 190
185 154
75 72
80 152
58 73
99 133
64 55
59 188
168 46
130 73
79 137
155 169
62 127
98 100
175 58
102 174
159 112
170 180
39 59
58 179
8 3
130 181
108 48
9 196
101 127
94 70
112 179
169 184
100 28
26 168
55 85
40 49
125 139
91 81
44 166
81 200
174 135
68 104
134 169
122 196
123 117
31 5
52 155
57 101
87 187
63 178
59 164
78 23
150 186
176 152
26 185
128 161
182 139
131 6
20 177
129 127
102 45
18 37
171 66
49 189
122 199
128 38
147 41
82 29
109 152
170 49
128 64
24 177
159 90
52 157
8 93
168 183
126 43
54 158
70 180
113 56
49 129
68 180
122 174
3 113
190 5
75 33
117 138
11 138
100 72
6 123
107 7
162 108
180 79
196 27
104 68
17 152
102 194
27 159
175 8
132 94
40 25
172 111
132 168
126 151
28 53
123 148
169 79
94 117
159 56
99 66
19 131
131 74
85 140
81 177
40 93
195 94
35 147
185 129
90 181
4 196
75 179
86 125
10 22
187 154
22 95
193 199
111 50
60 25
2 15
91 95
181 45
90 91
82 188
170 162
90 161
38 83
168 135
115 24
178 147
49 64
174 75
72 58
98 137
127 25
150 159
148 186
98 170
150 83
185 187
94 62
57 33
58 196
174 83
74 38
27 20
145 59
83 167
130 111
31 44
196 61
182 108
29 53
1 94
16 183
163 169
94 164
21 173
10 162
105 5
24 118
172 159
126 10
161 135
109 72
71 22
49 82
167 69
35 54
181 14
75 169
76 195
189 8
193 173
43 88
31 131
7 66
77 171
163 113
91 34
157 30
157 117
14 15
184 106
158 161
134 148
21 167
132 82
183 93
91 169
17 161
175 25
139 5
169 147
49 169
35 171
39 155
176 171
185 181
62 160
94 86
152 60
82 90
29 178
167 31
59 77
2 189
9 57
29 98
186 79
77 189
16 178
38 13
194 177
20 28
121 80
170 100
39 62
65 44
54 124
54 127
6 113
113 177
158 19
161 10
2 187
181 189
174 97
121 4
154 152
3 86
91 17
63 51
168 62
30 155
19 7
51 119
183 105
70 90
35 197
24 33
19 16
120 24
135 145
55 139
161 27
103 188
36 7
126 133
88 179
175 66
169 126
172 141
154 82
107 141
196 126
132 134
114 123
165 2
29 10
179 111
32 73
178 171
156 198
108 14
117 10
176 146
172 25
58 178
6 109
179 158
154 45
107 51
51 104
147 118
107 131
143 137
81 131
67 13
7 67
99 6
60 20
151 118
182 75
74 120
77 59
52 132
76 28
79 168
