23 98
69 10
187 1
68 63
29 103
162 178
60 101
83 180
37 120
111 45
137 14
174 38
140 193
31 173
14 162
44 30
121 149
170 131
65 16
114 28
177 132
166 64
183 114
106 170
49 189
130 200
52 174
59 80
184 28
99 72
87 104
27 192
179 116
177 84
147 16
200 81
10 55
163 13
106 141
15 148
136 163
194 12
172 3
50 120
194 128
137 14
42 180
186 63
167 106
62 57
16 20
160 29
68 94
133 97
120 31
6 25
76 101
64 144
105 145
160 124
182 37
68 90
49 79
74 27
1 181
12 7
148 179
157 43
30 155
99 23
160 42
105 33
196 49
90 74
29 178
137 102
159 72
133 60
177 137
77 14
104 93
87 92
89 103
76 186
139 139
80 144
89 11
39 11
140 116
130 190
112 5
109 186
29 157
85 136
44 191
139 194
148 183
36 133
108 170
187 108
168 100
95 165
135 118
58 18
162 183
70 94
43 126
43 140
55 146
68 66
181 115
81 119
124 174
123 30
20 199
1 160
167 62
148 167
103 27
183 3
48 147
185 198
56 162
121 99
65 197
176 189
188 80
39 181
100 120
149 31
147 153
193 191
33 152
17 131
161 137
6 5
100 138
67 70
97 62
44 183
84 165
171 137
34 60
173 79
172 95
29 55
103 123
154 6
20 172
103 141
138 35
93 36
149 114
172 164
130 53
164 134
71 191
192 154
134 188
140 1
90 101
114 119
28 145
58 93
166 121
36 105
12 108
105 144
24 114
3 3
180 196
172 86
161 93
85 188
70 99
67 168
35 133
30 162
198 59
157 197
170 83
4 102
97 194
49 170
142 185
191 91
22 62
32 126
169 16
46 74
82 72
115 97
43 173
30 119
18 198
65 124
135 177
89 8
80 196
129 34
44 83
27 193
192 197
131 129
171 175
82 168
37 6
41 65
46 178
95 45
10 106
167 21
121 127
97 87
26 32
16 146
21 64
186 31
180 174
136 124
57 76
144 4
133 59
103 194
192 8
118 137
43 133
72 129
22 82
102 51
115 84
142 155
140 168
146 113
88 188
134 27
39 29
58 183
101 42
178 86
72 69
152 108
49 160
198 139
68 67
33 33
62 75
108 62
104 8
142 100
