1 3 5 7 9 11 22 23 24 26 27 31 34 35 40 42 44 49 50 54 55 65 66 71 73 79 85 110 113 115 118 119 122 123 125 129 132 137 143 144 145 146 151 154 159 161 164 168 179 183 190 193 196 200 205 208 212 213 221 224 229 231 234 240 241 242 243 245 249 250 253 254 263 266 271 278 285 286 289 290 295 299 304 307 312 315 320 322 326 327 329 333 334 336 342 344 345 
1 6 7 13 15 17 18 23 24 25 30 33 36 37 38 42 48 49 52 53 56 57 58 62 64 68 72 73 74 78 81 83 84 89 92 93 95 96 97 101 102 105 106 108 109 112 117 121 125 128 131 134 135 139 144 149 154 155 156 158 160 166 170 171 173 176 178 185 186 187 189 191 195 197 198 199 201 204 205 209 210 213 217 218 223 225 232 233 235 239 240 243 245 246 247 250 251 255 259 260 272 275 278 284 288 289 291 299 305 308 310 311 313 314 315 316 318 319 322 324 325 328 332 336 337 338 344 350 
1 2 5 7 9 11 13 14 16 18 22 23 24 25 26 27 29 30 31 33 35 37 38 39 42 44 47 48 49 50 52 53 54 55 59 62 63 66 67 69 70 72 73 79 81 82 83 85 87 89 90 94 97 100 101 108 110 112 113 115 118 119 120 121 123 125 129 132 138 139 141 143 144 145 147 149 152 154 156 158 159 160 161 162 164 165 167 168 171 174 179 182 184 187 189 190 193 194 195 196 199 200 202 205 206 208 209 210 213 218 221 224 225 226 229 240 241 242 243 245 247 249 250 251 254 255 262 263 264 270 271 277 278 280 281 284 289 290 293 294 295 298 299 300 304 305 308 310 311 312 313 315 316 318 319 322 326 327 333 334 335 336 337 338 339 342 344 345 346 347 349 
1 7 9 13 15 17 23 24 26 32 36 37 38 42 48 49 52 53 54 55 58 68 73 74 84 89 93 97 106 108 109 112 115 121 125 128 139 144 145 154 156 158 159 168 170 176 186 189 191 193 197 200 201 205 208 210 212 213 217 223 225 229 235 240 243 245 246 247 250 255 259 260 263 271 275 278 288 289 291 295 299 305 310 312 313 314 315 316 317 318 319 322 324 325 328 332 336 337 338 344 345 
2 4 8 11 12 16 19 21 22 28 31 35 41 44 51 59 63 75 77 79 82 85 88 98 104 110 113 114 118 120 127 129 132 138 143 147 153 157 162 175 177 179 180 181 190 192 194 196 202 203 206 207 211 214 215 221 224 227 230 238 241 244 254 269 274 276 279 280 290 292 293 294 297 302 303 304 309 321 323 326 327 334 340 341 342 343 347 349 
2 4 8 11 12 16 19 21 28 31 35 41 44 51 59 63 75 77 79 82 85 88 98 104 110 113 114 118 120 127 129 132 136 138 143 153 157 162 167 175 177 179 180 181 188 190 192 194 196 202 203 206 207 211 214 215 221 224 227 228 230 236 238 241 244 269 270 274 276 279 280 283 290 292 293 294 297 302 303 304 309 321 323 326 327 331 334 340 341 342 343 347 349 
2 4 5 8 11 14 16 19 21 28 30 31 35 37 39 41 43 44 45 46 51 54 59 61 62 63 66 69 70 75 79 81 82 85 87 88 90 94 100 104 110 113 114 118 120 121 123 127 129 132 133 136 138 139 141 142 143 147 153 157 160 162 163 164 167 169 174 175 177 179 180 181 182 184 188 190 192 194 195 196 202 203 206 208 211 214 215 221 222 224 226 227 228 230 236 237 238 241 254 262 264 267 269 270 276 277 279 280 281 282 283 290 292 293 294 298 300 302 304 310 316 319 323 326 327 331 334 335 337 339 340 341 342 343 346 347 348 349 
6 18 20 25 33 43 45 46 51 56 64 69 72 76 80 86 91 92 94 99 100 101 102 103 107 111 116 124 126 127 130 131 133 134 136 140 142 148 149 150 163 166 167 169 171 172 173 177 185 187 199 204 209 215 216 218 219 220 222 232 233 237 238 239 248 251 252 256 257 258 261 265 268 270 272 273 281 282 283 287 292 296 298 301 306 308 311 330 331 335 341 348 350 
6 10 13 14 18 20 25 30 33 37 38 43 45 46 51 53 56 60 62 64 67 69 70 72 76 80 81 82 83 86 87 89 90 91 92 94 96 97 99 100 101 102 103 107 108 111 112 116 117 121 124 126 127 130 131 133 134 135 136 139 140 142 148 149 150 156 158 160 162 163 165 166 167 169 171 172 173 174 177 182 184 185 187 188 195 199 202 204 209 210 215 216 218 219 222 228 232 233 236 237 238 239 247 248 251 252 256 257 258 261 262 264 265 268 270 272 273 281 282 283 284 287 292 296 298 300 301 305 306 308 310 311 316 318 319 323 330 331 335 336 337 338 339 341 344 346 348 350 
15 17 23 52 57 58 68 72 74 78 83 84 89 93 95 96 105 106 109 117 128 135 139 149 155 176 178 186 189 191 197 198 201 217 223 225 235 243 246 247 255 259 260 275 284 288 291 305 308 310 313 314 318 324 325 328 332 336 338 344 
